8-Puzzle Instances:


BFS:

70436,22,0.080047,13.6742,12
98412,23,0.113362,13.9253,15
11718,17,0.01065,13.5738,13
134664,25,0.160893,14.0742,17
5209,16,0.004286,12.3418,10
59830,22,0.063332,13.4987,12
71614,22,0.077545,13.8559,14
42704,21,0.041337,13.8023,11
10486,17,0.009159,12.0573,7
55230,21,0.058388,14.1417,13
86288,23,0.095506,14.252,15
87902,23,0.096402,13.9841,11
24271,19,0.022594,13.5855,13
67445,22,0.077076,13.9966,14
21294,19,0.020121,13.1788,13
67976,22,0.073147,13.5072,10
30932,20,0.029396,13.1048,10
51926,21,0.052356,14.879,19
74010,22,0.079775,14.4985,18
57200,22,0.058102,14.3414,16
6175,16,0.005498,13.7972,14
4890,16,0.004217,12.5957,10
128087,25,0.158154,14.0518,15
59140,22,0.063579,13.9423,14
86044,23,0.094186,13.9811,13
124428,25,0.154634,14.1307,15
55828,21,0.057596,13.8807,15
1904,13,0.001525,11.3682,7
89286,23,0.099814,13.9078,13
96167,24,0.105529,14.5377,16
108997,24,0.127221,14.1494,14
6800,16,0.005927,12.6209,12
12237,18,0.010884,14.5155,16
91221,23,0.10206,14.082,13
146642,26,0.17697,14.0785,14
166169,27,0.208252,14.0407,17
61999,22,0.06474,14.0609,14
149038,26,0.183039,14.0613,14
66394,22,0.071884,13.4367,12
134964,25,0.163413,13.9668,13
3528,14,0.003023,12.2596,8
141058,25,0.171473,14.1139,19
51334,21,0.051949,13.7073,11
147235,26,0.178597,13.9351,16
96629,24,0.107318,13.7994,14
117820,24,0.137162,14.3156,20
12721,18,0.011999,13.5709,14
82402,23,0.089337,13.9488,15
55950,21,0.05793,13.651,11
170358,28,0.21236,14.0243,16
41346,20,0.041094,13.7316,12
163708,27,0.206429,14.0186,15
25948,19,0.024651,13.3992,11
146431,26,0.177217,14.1227,16
16644,18,0.015326,13.3895,12
113398,24,0.13496,14.1584,16
12763,18,0.01189,12.6048,8
102477,24,0.122867,13.9691,12
91593,23,0.109061,14.5131,17
116022,24,0.143169,14.0517,16
170975,27,0.227996,14.0326,19
132375,25,0.157874,13.8556,13
43631,21,0.041989,14.2248,15
61343,22,0.064178,14.5448,18
173107,28,0.217536,14.0126,14
37323,20,0.036932,14.2291,16
166627,27,0.210641,14.0223,17
165544,27,0.207176,14.0298,15
136365,25,0.164035,14.1789,19
101428,24,0.114221,13.8026,10
99337,24,0.110482,14.2486,16
69657,22,0.074514,14.1784,16
169153,27,0.212395,14.0104,15
146614,26,0.178812,14.0736,18
136769,25,0.164805,13.9316,11
144168,26,0.173699,14.1678,20
32178,20,0.031302,13.9169,14
149505,26,0.183589,13.9709,16
6810,16,0.005862,12.5658,10
165286,27,0.205913,14.0236,17
20088,19,0.017977,12.6848,11
134133,25,0.16116,14.316,21
3471,15,0.00276,12.6762,11
9452,17,0.008108,13.3746,13
4001,15,0.003192,11.4479,7
134421,25,0.159862,14.1124,17
10951,17,0.009609,13.2474,11
165164,27,0.204715,14.0327,17
32194,20,0.030707,12.9816,8
37083,20,0.035605,13.9612,12
163614,27,0.202221,14.0897,21
145000,26,0.17725,14.1409,18
68791,22,0.072459,13.5494,12
69185,22,0.073607,13.9344,14
66051,22,0.0698,13.9595,12
25603,19,0.02435,14.0917,17
30499,20,0.028975,13.1225,8
45472,21,0.044066,12.8461,9
106698,24,0.122973,14.0056,14
130566,25,0.15479,14.0513,13
A*:

835,22,0.000741,9.06954,12
1024,23,0.000781,10.0931,15
72,17,5.5e-05,9.28426,13
953,25,0.000866,11.8364,17
91,16,0.000214,6.66142,10
652,22,0.000534,9.29183,12
350,22,0.00029,10.5641,14
612,21,0.000487,9.86364,11
232,17,0.000172,7.56101,7
177,21,0.000146,10.8599,13
511,23,0.000425,10.0227,15
1037,23,0.000838,10.3678,11
197,19,0.00015,8.41682,13
697,22,0.000551,9.23299,14
239,19,0.000181,7.89548,13
1622,22,0.0014,9.62989,10
315,20,0.000307,8.77765,10
30,21,2.3e-05,10.5802,19
373,22,0.000282,10.7719,18
550,22,0.000423,10.6368,16
34,16,2.9e-05,8.38298,14
118,16,9.2e-05,8.4486,10
1449,25,0.00122,10.8656,15
873,22,0.000686,10.1189,14
808,23,0.000667,9.78253,13
1167,25,0.000931,10.5931,15
308,21,0.000261,9.51803,15
41,13,3.4e-05,5.9913,7
533,23,0.000417,11.0541,13
346,24,0.000254,11.7001,16
929,24,0.000722,10.3699,14
117,16,8.8e-05,8.80251,12
26,18,2.2e-05,9.15068,16
666,23,0.000545,10.134,13
1734,26,0.001534,10.8431,14
1824,27,0.00153,12.2916,17
231,22,0.000173,11.5935,14
1807,26,0.001435,10.7815,14
655,22,0.000552,9.41163,12
2298,25,0.001966,10.2168,13
76,14,6e-05,7.30476,8
786,25,0.000593,11.4165,19
609,21,0.000497,9.13572,11
2231,26,0.001794,10.6949,16
1757,24,0.001414,9.84861,14
299,24,0.000214,11.8319,20
41,18,3.6e-05,10.1579,14
543,23,0.000482,10.765,15
438,21,0.000347,10.0331,11
2864,28,0.002316,12.4379,16
221,20,0.000162,9.79868,12
2849,27,0.002307,11.1618,15
179,19,0.000163,8.80864,11
1075,26,0.000894,11.7328,16
177,18,0.000136,8.54132,12
752,24,0.000623,10.1776,16
182,18,0.000142,8.15041,8
1355,24,0.001112,10.0725,12
205,23,0.000149,11.2301,17
712,24,0.000698,10.6656,16
1421,27,0.001194,12.2715,19
2186,25,0.001783,9.90231,13
168,21,0.000125,10.7969,15
39,22,3.4e-05,12.3962,18
4038,28,0.003394,11.2251,14
90,20,6.6e-05,9.86008,16
2905,27,0.002329,10.9409,17
2301,27,0.001808,12.0106,15
698,25,0.000525,11.0091,19
2190,24,0.001877,9.4195,10
936,24,0.000726,11.967,16
238,22,0.000172,10.146,16
3038,27,0.002449,11.0005,15
1632,26,0.001296,10.8941,18
4306,25,0.003613,10.2857,11
739,26,0.000605,12.1547,20
382,20,0.000318,9.36158,14
2084,26,0.001836,10.7545,16
99,16,7.7e-05,7.47445,10
2764,27,0.002198,11.5406,17
428,19,0.000343,8.57229,11
715,25,0.00052,13.3865,21
68,15,5.1e-05,7.32804,11
34,17,2.9e-05,9.44211,13
121,15,9.4e-05,7.10942,7
993,25,0.000782,10.8389,17
163,17,0.000238,8.93468,11
2389,27,0.001918,11.8272,17
369,20,0.00031,8.17487,8
356,20,0.000265,8.54963,12
1461,27,0.001118,11.3477,21
854,26,0.000672,11.6485,18
730,22,0.000578,9.53672,12
257,22,0.000185,11.5,14
414,22,0.000331,9.89445,12
181,19,0.000153,10.1166,17
336,20,0.000259,8.96166,8
707,21,0.000555,8.4652,9
1467,24,0.001126,11.102,14
1319,25,0.001049,10.8123,13
GBFS:

462,112,0.000354,6.67447,12
216,79,0.000219,7.10445,15
269,69,0.000195,6.23617,13
286,87,0.000213,6.71356,17
16,16,1.6e-05,5.55556,10
257,48,0.000185,6.15515,12
206,48,0.000151,6.25979,14
168,49,0.000138,6.87004,11
45,19,3.6e-05,5.56693,7
174,69,0.00015,7.67377,13
45,31,3.4e-05,7.75781,15
380,101,0.000282,6.8319,11
104,47,9.9e-05,5.67138,13
377,102,0.000453,6.28708,14
89,41,7e-05,5.73469,13
376,102,0.000293,6.23541,10
110,50,8.3e-05,6.01333,10
112,59,8.2e-05,6.46078,19
137,28,9.8e-05,6.92267,18
152,66,0.00011,6.90047,16
399,98,0.000295,6.31408,14
195,48,0.000154,6.33962,10
251,71,0.0002,6.69534,15
181,60,0.000162,7.11837,14
289,87,0.000219,6.28767,13
290,81,0.000222,6.47685,15
146,67,0.000122,6.77129,15
17,15,1.7e-05,5.3,7
143,57,0.000108,6.71429,13
433,108,0.000408,6.60183,16
237,68,0.000187,6.58295,14
220,62,0.000164,6.299,12
237,80,0.00017,6.51077,16
318,93,0.000274,6.56701,13
396,118,0.000286,6.54745,14
66,53,4.9e-05,9.17486,17
252,64,0.000205,6.13853,14
312,94,0.000229,6.48961,14
191,70,0.00014,6.61923,12
165,75,0.000215,7.52242,13
126,28,9.3e-05,5.77971,8
88,45,6.7e-05,7.19087,19
374,111,0.000278,6.26931,11
242,80,0.000168,6.77538,16
422,94,0.000309,6.51624,14
82,46,6.1e-05,8.65801,20
19,18,1.7e-05,7.59259,14
158,47,0.000125,6.78009,15
315,95,0.000233,6.4181,11
282,88,0.000211,7.36801,16
308,62,0.000245,7.06667,12
111,51,8.4e-05,6.90397,15
201,51,0.000163,6.09239,11
319,100,0.000227,7.13242,16
335,90,0.000239,6.50108,12
45,36,3.4e-05,7.22835,16
204,62,0.00015,6.58739,8
117,58,8.5e-05,8.2284,12
100,57,7.4e-05,7.08,17
91,48,7.2e-05,6.16064,16
233,77,0.000168,6.82268,19
133,27,9.7e-05,6.21096,13
459,89,0.000366,6.67062,15
196,74,0.000191,7.15572,18
238,96,0.000167,8.19723,14
20,20,1.8e-05,8.10909,16
174,57,0.000128,7.22222,17
259,83,0.000184,6.87306,15
82,43,6.3e-05,6.94298,19
165,56,0.00015,6.16964,10
389,114,0.000306,6.42553,16
138,44,0.000117,6.5625,16
161,73,0.000172,7.33705,15
183,64,0.000133,6.60765,18
269,73,0.000191,6.10872,11
191,62,0.000141,6.95,20
163,46,0.000116,6.19369,14
286,74,0.000217,6.63868,16
241,80,0.000173,6.26244,10
325,91,0.000253,6.59305,17
120,41,9.6e-05,6.02083,11
293,77,0.000206,6.87113,21
71,39,5.2e-05,5.45408,11
18,17,1.6e-05,7.32692,13
119,41,9.1e-05,5.88323,7
159,67,0.000113,7.49883,17
89,41,6.7e-05,6.08607,11
359,121,0.000267,6.8662,17
240,44,0.000191,5.91831,8
399,106,0.000295,6.30243,12
439,117,0.000343,6.79359,21
151,72,0.000134,7.06856,18
189,58,0.000141,6.45437,12
70,26,5.1e-05,9,14
146,40,0.000108,6.57143,12
146,37,0.000107,6.4025,17
131,38,9.3e-05,6.99441,8
71,31,5.2e-05,5.41327,9
211,64,0.000194,6.62284,14
181,83,0.000132,7.01779,13
IDA*:

146216,22,0.055703,10.1849,12
166051,23,0.057868,11.2238,15
851,17,0.000287,10.5852,13
81714,25,0.029047,11.9015,17
2985,16,0.001023,6.53016,10
334216,22,0.113009,8.14469,12
41006,22,0.014524,10.5243,14
12927,21,0.004468,11.2707,11
66373,17,0.023732,6.16168,7
13963,21,0.004894,11.0108,13
21825,23,0.006993,12.5741,15
117446,23,0.041353,11.4181,11
7972,19,0.002699,8.87146,13
66802,22,0.023343,9.47201,14
15435,19,0.005513,7.36652,13
318968,22,0.109423,9.26632,10
95448,20,0.033537,8.37696,10
203,21,7.8e-05,12.293,19
2159,22,0.000779,12.364,18
4910,22,0.001702,10.7437,16
44,16,1.7e-05,10.0388,14
243,16,8.3e-05,8.43619,10
360568,25,0.128965,10.0793,15
14798,22,0.005145,9.97044,14
83439,23,0.028568,10.0716,13
141377,25,0.049485,10.3113,15
28244,21,0.009967,9.5264,15
1795,13,0.000708,6.33158,7
96372,23,0.034508,11.2002,13
1314,24,0.00045,15.4152,16
43814,24,0.01616,12.683,14
595,16,0.000212,9.7128,12
94,18,3.7e-05,11.0711,16
241760,23,0.087779,9.66041,13
556619,26,0.195678,12.1714,14
325605,27,0.115276,12.9445,17
6476,22,0.002298,11.3667,14
374736,26,0.126697,12.4474,14
167291,22,0.059577,9.6007,12
457183,25,0.160127,11.3861,13
2331,14,0.000782,7.31237,8
121280,25,0.04205,9.90254,19
147804,21,0.050314,8.58366,11
1353999,26,0.487975,10.0715,16
228354,24,0.080233,10.8503,14
2159,24,0.000736,14.6614,20
341,18,0.000125,10.0757,14
63580,23,0.022234,10.9092,15
53744,21,0.01862,10.9401,11
203756,28,0.071894,13.4493,16
29725,20,0.010629,10.4163,12
1644698,27,0.585352,11.2253,15
31608,19,0.011596,7.95364,11
32448,26,0.011405,13.239,16
3293,18,0.001135,9.46764,12
97455,24,0.033154,11.3954,16
7316,18,0.002589,8.71536,8
209763,24,0.070844,11.2544,12
1728,23,0.000586,13.4214,17
139121,24,0.049585,10.1863,16
241561,27,0.08529,11.99,19
3493922,25,1.27373,9.31272,13
3924,21,0.001432,10.3288,15
184,22,6.4e-05,15.1106,18
3270839,28,1.14421,12.4466,14
2696,20,0.001029,10.152,16
983714,27,0.350093,10.834,17
394773,27,0.138785,13.2811,15
65821,25,0.022544,12.0563,19
1713679,24,0.609366,9.35922,10
20804,24,0.007208,11.2177,16
7864,22,0.00277,10.2104,16
4544643,27,1.61254,10.504,15
132801,26,0.051172,11.7104,18
4766224,25,1.6963,9.5913,11
23302,26,0.008654,11.2951,20
6210,20,0.002137,8.53416,14
857147,26,0.304857,10.8822,16
1127,16,0.00041,8.75684,10
615331,27,0.21584,11.3041,17
13110,19,0.004767,7.73612,11
1694,25,0.000573,15.0835,21
245,15,9.1e-05,7.27856,11
326,17,0.00011,9.93993,13
5404,15,0.001984,6.55656,7
136656,25,0.051254,10.8674,17
2297,17,0.000806,9.66388,11
283803,27,0.100381,12.1847,17
924532,20,0.329853,5.97413,8
15389,20,0.005663,9.99515,12
48582,27,0.017474,11.1801,21
67717,26,0.024604,10.9302,18
251020,22,0.090629,8.74599,12
16926,22,0.00637,11.4886,14
34626,22,0.012309,11.1174,12
881,19,0.000333,9.5699,17
53118,20,0.020081,8.66009,8
739883,21,0.281776,6.2096,9
78801,24,0.029168,12.0536,14
369157,25,0.133528,10.0533,13
